# a dictionary save the parameters settings
par_list <- list(sim1=list(),
                 sim2=list(
                   eta=list("2"=list(
                     eta_a = list(eta_a1=c(0,0.1),
                                  eta_a2=c(0,0.01,0.02,0.03,0.04),
                                  eta_a3=c(0,-0.2,-0.4,-0.6,-0.8,-1)), 
                     eta_t = list(eta_t1=c(0,-0.1),
                                  eta_t2=c(0,-0.01,-0.02,-0.03,-0.04),
                                  eta_t3=c(0,0.2,0.4,0.6,0.8,1))),
                     "3"=list(eta_a = list(eta_a1=c(0,0.1),
                                           eta_a2=c(0,0.01,0.02,0.03,0.04),
                                           eta_a3=c(0,-1.2,-1.4,-1.6,-1.8,-2)), 
                              eta_t = list(eta_t1=c(0,-0.1),
                                           eta_t2=c(0,-0.01,-0.02,-0.03,-0.04),
                                           eta_t3=c(0,1.2,1.4,1.6,1.8,2)))
                     ),
                   mis_prob=list("2"=list(
                     p_ij=matrix(c(0.8, 0.1, 0, 0, 0, 0,
                                   0.2, 0.8, 0.1, 0, 0, 0,
                                   0, 0.1, 0.8, 0.1, 0, 0,
                                   0, 0, 0.1, 0.8, 0.1, 0,
                                   0, 0, 0, 0.1, 0.8, 0.2,
                                   0, 0, 0, 0, 0.1, 0.8), nrow = 6, byrow = TRUE),
                     p_ij.star=matrix(c(0.8, 0.1, 0.01, 0.01, 0.01, 0.01,
                                       0.16, 0.8, 0.1, 0.01, 0.01, 0.01,
                                       0.01, 0.07, 0.8, 0.1, 0.01, 0.01,
                                       0.01, 0.01, 0.07, 0.8, 0.07, 0.01,
                                       0.01, 0.01, 0.01, 0.07, 0.8, 0.16,
                                       0.01, 0.01, 0.01, 0.01, 0.1, 0.8), nrow = 6, byrow = TRUE)),
                     "3"=list(
                       p_ij=matrix(c(0.8, 0.1, 0.01, 0.01, 0.01, 0.01,
                                     0.16, 0.8, 0.1, 0.01, 0.01, 0.01,
                                     0.01, 0.07, 0.8, 0.1, 0.01, 0.01,
                                     0.01, 0.01, 0.07, 0.8, 0.07, 0.01,
                                     0.01, 0.01, 0.01, 0.07, 0.8, 0.16,
                                     0.01, 0.01, 0.01, 0.01, 0.1, 0.8), nrow = 6, byrow = TRUE),
                       p_ij.star=matrix(c(0.8, 0.1, 0.01, 0.01, 0.01, 0.01,
                                          0.16, 0.8, 0.1, 0.01, 0.01, 0.01,
                                          0.01, 0.07, 0.8, 0.1, 0.01, 0.01,
                                          0.01, 0.01, 0.07, 0.8, 0.07, 0.01,
                                          0.01, 0.01, 0.01, 0.07, 0.8, 0.16,
                                          0.01, 0.01, 0.01, 0.01, 0.1, 0.8), nrow = 6, byrow = TRUE))
                   )
                 ))
